1000101011110000
1000101111110001
1000110011110010
1000110111110101
1000111011110110
1111111000000000
1000000100011001
1000001000011110
1111101000010000
1111101100100000
1111110000000000
1000000100011000
1000001000011111
1111101000010000
1111101100100000
1111110000000000
1000000100011000
1000001000011110
1111101000010000
1111101100100000
1111110000000000
1000000100011000
1000001000011101
1111101000010000
1111101100100000
1111110000000000
1000000100010111
1000001000011111
1111101000010000
1111101100100000
1111110000000000
1000000100010111
1000001000011110
1111101000010000
1111101100100000
1111110000000000
1000000100010111
1000001000011101
1111101000010000
1111101100100000
1111110000000000
1000000100010111
1000001000011100
1111101000010000
1111101100100000
1111110000000000
1000000100010110
1000001000011111
1111101000010000
1111101100100000
1111110000000000
1000000100010110
1000001000011110
1111101000010000
1111101100100000
1111110000000000
1000000100010110
1000001000011101
1111101000010000
1111101100100000
1111110000000000
1000000100010110
1000001000011100
1111101000010000
1111101100100000
1111110000000000
1000000100010110
1000001000011011
1111101000010000
1111101100100000
1111110000000000
1000000100010110
1000001000011010
1111101000010000
1111101100100000
1111110000000000
1000000100010110
1000001000011001
1111101000010000
1111101100100000
1111110000000000
1111110100000000
1111111000000000
1000000100011111
1000001000011111
1111101000010000
1111101100100000
1111110000000000
1000000100011111
1000001000011110
1111101000010000
1111101100100000
1111110000000000
1000000100011111
1000001000011101
1111101000010000
1111101100100000
1111110000000000
1000000100011111
1000001000011100
1111101000010000
1111101100100000
1111110000000000
1000000100011111
1000001000011011
1111101000010000
1111101100100000
1111110000000000
1000000100010111
1000001000011111
1111101000010000
1111101100100000
1111110000000000
1000000100010111
1000001000011110
1111101000010000
1111101100100000
1111110000000000
1000000100010111
1000001000011101
1111101000010000
1111101100100000
1111110000000000
1000000100010111
1000001000011100
1111101000010000
1111101100100000
1111110000000000
1000000100010110
1000001000011111
1111101000010000
1111101100100000
1111110000000000
1000000100010110
1000001000011110
1111101000010000
1111101100100000
1111110000000000
1000000100010110
1000001000011101
1111101000010000
1111101100100000
1111110000000000
1000000100010110
1000001000011100
1111101000010000
1111101100100000
1111110000000000
1000000100010110
1000001000011011
1111101000010000
1111101100100000
1111110000000000
1000000100010110
1000001000011010
1111101000010000
1111101100100000
1111110000000000
1000000100010110
1000001000011001
1111101000010000
1111101100100000
1111110000000000
1111110100000000
1111111000000000
1000000100011111
1000001000011111
1111101000010000
1111101100100000
1111110000000000
1000000100011111
1000001000011110
1111101000010000
1111101100100000
1111110000000000
1000000100011111
1000001000011101
1111101000010000
1111101100100000
1111110000000000
1000000100011111
1000001000011100
1111101000010000
1111101100100000
1111110000000000
1000000100011111
1000001000011011
1111101000010000
1111101100100000
1111110000000000
1000000100011111
1000001000011010
1111101000010000
1111101100100000
1111110000000000
1000000100011111
1000001000011001
1111101000010000
1111101100100000
1111110000000000
1000000100011111
1000001000011000
1111101000010000
1111101100100000
1111110000000000
1000000100011110
1000001000011111
1111101000010000
1111101100100000
1111110000000000
1000000100011110
1000001000011110
1111101000010000
1111101100100000
1111110000000000
1000000100011110
1000001000011101
1111101000010000
1111101100100000
1111110000000000
1000000100011110
1000001000011100
1111101000010000
1111101100100000
1111110000000000
1000000100011110
1000001000011011
1111101000010000
1111101100100000
1111110000000000
1000000100011110
1000001000011010
1111101000010000
1111101100100000
1111110000000000
1000000100011101
1000001000011111
1111101000010000
1111101100100000
1111110000000000
1000000100011101
1000001000011110
1111101000010000
1111101100100000
1111110000000000
1000000100011101
1000001000011101
1111101000010000
1111101100100000
1111110000000000
1000000100010111
1000001000011111
1111101000010000
1111101100100000
1111110000000000
1000000100010111
1000001000011110
1111101000010000
1111101100100000
1111110000000000
1000000100010111
1000001000011101
1111101000010000
1111101100100000
1111110000000000
1000000100010111
1000001000011100
1111101000010000
1111101100100000
1111110000000000
1000000100010110
1000001000011111
1111101000010000
1111101100100000
1111110000000000
1000000100010110
1000001000011110
1111101000010000
1111101100100000
1111110000000000
1000000100010110
1000001000011101
1111101000010000
1111101100100000
1111110000000000
1000000100010110
1000001000011100
1111101000010000
1111101100100000
1111110000000000
1000000100010110
1000001000011011
1111101000010000
1111101100100000
1111110000000000
1000000100010110
1000001000011010
1111101000010000
1111101100100000
1111110000000000
1000000100010110
1000001000011001
1111101000010000
1111101100100000
1111110000000000
1111110100000000
1111111000000000
1000000100011111
1000001000011111
1111101000010000
1111101100100000
1111110000000000
1000000100011111
1000001000011110
1111101000010000
1111101100100000
1111110000000000
1000000100011111
1000001000011101
1111101000010000
1111101100100000
1111110000000000
1000000100011111
1000001000011100
1111101000010000
1111101100100000
1111110000000000
1000000100011111
1000001000011011
1111101000010000
1111101100100000
1111110000000000
1000000100011111
1000001000011010
1111101000010000
1111101100100000
1111110000000000
1000000100011111
1000001000011001
1111101000010000
1111101100100000
1111110000000000
1000000100011111
1000001000011000
1111101000010000
1111101100100000
1111110000000000
1000000100011110
1000001000011111
1111101000010000
1111101100100000
1111110000000000
1000000100011110
1000001000011110
1111101000010000
1111101100100000
1111110000000000
1000000100011110
1000001000011101
1111101000010000
1111101100100000
1111110000000000
1000000100011110
1000001000011100
1111101000010000
1111101100100000
1111110000000000
1000000100011110
1000001000011011
1111101000010000
1111101100100000
1111110000000000
1000000100011110
1000001000011010
1111101000010000
1111101100100000
1111110000000000
1000000100011110
1000001000011001
1111101000010000
1111101100100000
1111110000000000
1000000100011110
1000001000011000
1111101000010000
1111101100100000
1111110000000000
1000000100011101
1000001000011111
1111101000010000
1111101100100000
1111110000000000
1000000100011101
1000001000011110
1111101000010000
1111101100100000
1111110000000000
1000000100011101
1000001000011101
1111101000010000
1111101100100000
1111110000000000
1000000100011101
1000001000011100
1111101000010000
1111101100100000
1111110000000000
1000000100011101
1000001000011011
1111101000010000
1111101100100000
1111110000000000
1000000100011101
1000001000011010
1111101000010000
1111101100100000
1111110000000000
1000000100010111
1000001000011111
1111101000010000
1111101100100000
1111110000000000
1000000100010111
1000001000011110
1111101000010000
1111101100100000
1111110000000000
1000000100010111
1000001000011101
1111101000010000
1111101100100000
1111110000000000
1000000100010110
1000001000011111
1111101000010000
1111101100100000
1111110000000000
1000000100010110
1000001000011110
1111101000010000
1111101100100000
1111110000000000
1000000100010110
1000001000011101
1111101000010000
1111101100100000
1111110000000000
1000000100010110
1000001000011100
1111101000010000
1111101100100000
1111110000000000
1000000100010110
1000001000011011
1111101000010000
1111101100100000
1111110000000000
1000000100010110
1000001000011010
1111101000010000
1111101100100000
1111110000000000
1111110100000000
1111111000000000
1000000100011111
1000001000011111
1111101000010000
1111101100100000
1111110000000000
1000000100011111
1000001000011110
1111101000010000
1111101100100000
1111110000000000
1000000100011111
1000001000011101
1111101000010000
1111101100100000
1111110000000000
1000000100011111
1000001000011100
1111101000010000
1111101100100000
1111110000000000
1000000100011111
1000001000011011
1111101000010000
1111101100100000
1111110000000000
1000000100011111
1000001000011010
1111101000010000
1111101100100000
1111110000000000
1000000100011111
1000001000011001
1111101000010000
1111101100100000
1111110000000000
1000000100011111
1000001000011000
1111101000010000
1111101100100000
1111110000000000
1000000100011110
1000001000011111
1111101000010000
1111101100100000
1111110000000000
1000000100011110
1000001000011110
1111101000010000
1111101100100000
1111110000000000
1000000100011110
1000001000011101
1111101000010000
1111101100100000
1111110000000000
1000000100011110
1000001000011100
1111101000010000
1111101100100000
1111110000000000
1000000100011110
1000001000011011
1111101000010000
1111101100100000
1111110000000000
1000000100011110
1000001000011010
1111101000010000
1111101100100000
1111110000000000
1000000100011110
1000001000011001
1111101000010000
1111101100100000
1111110000000000
1000000100011110
1000001000011000
1111101000010000
1111101100100000
1111110000000000
1000000100011101
1000001000011111
1111101000010000
1111101100100000
1111110000000000
1000000100011101
1000001000011110
1111101000010000
1111101100100000
1111110000000000
1000000100011101
1000001000011101
1111101000010000
1111101100100000
1111110000000000
1000000100011101
1000001000011100
1111101000010000
1111101100100000
1111110000000000
1000000100011101
1000001000011011
1111101000010000
1111101100100000
1111110000000000
1000000100011101
1000001000011010
1111101000010000
1111101100100000
1111110000000000
1000000100011101
1000001000011001
1111101000010000
1111101100100000
1111110000000000
1000000100011101
1000001000011000
1111101000010000
1111101100100000
1111110000000000
1000000100011100
1000001000011111
1111101000010000
1111101100100000
1111110000000000
1000000100011100
1000001000011110
1111101000010000
1111101100100000
1111110000000000
1000000100011100
1000001000011101
1111101000010000
1111101100100000
1111110000000000
1000000100011100
1000001000011100
1111101000010000
1111101100100000
1111110000000000
1000000100011100
1000001000011011
1111101000010000
1111101100100000
1111110000000000
1000000100010111
1000001000011110
1111101000010000
1111101100100000
1111110000000000
1000000100010111
1000001000011101
1111101000010000
1111101100100000
1111110000000000
1000000100010110
1000001000011111
1111101000010000
1111101100100000
1111110000000000
1000000100010110
1000001000011110
1111101000010000
1111101100100000
1111110000000000
1000000100010110
1000001000011101
1111101000010000
1111101100100000
1111110000000000
1000000100010110
1000001000011100
1111101000010000
1111101100100000
1111110000000000
1000000100010110
1000001000011011
1111101000010000
1111101100100000
1111110000000000
1000000100010110
1000001000011010
1111101000010000
1111101100100000
1111110000000000
1111110100000000
1111111000000000
1000000100011111
1000001000011111
1111101000010000
1111101100100000
1111110000000000
1000000100011111
1000001000011110
1111101000010000
1111101100100000
1111110000000000
1000000100011111
1000001000011101
1111101000010000
1111101100100000
1111110000000000
1000000100011111
1000001000011100
1111101000010000
1111101100100000
1111110000000000
1000000100011111
1000001000011011
1111101000010000
1111101100100000
1111110000000000
1000000100011111
1000001000011010
1111101000010000
1111101100100000
1111110000000000
1000000100011111
1000001000011001
1111101000010000
1111101100100000
1111110000000000
1000000100011111
1000001000011000
1111101000010000
1111101100100000
1111110000000000
1000000100011110
1000001000011111
1111101000010000
1111101100100000
1111110000000000
1000000100011110
1000001000011110
1111101000010000
1111101100100000
1111110000000000
1000000100011110
1000001000011101
1111101000010000
1111101100100000
1111110000000000
1000000100011110
1000001000011100
1111101000010000
1111101100100000
1111110000000000
1000000100011110
1000001000011011
1111101000010000
1111101100100000
1111110000000000
1000000100011110
1000001000011010
1111101000010000
1111101100100000
1111110000000000
1000000100011110
1000001000011001
1111101000010000
1111101100100000
1111110000000000
1000000100011110
1000001000011000
1111101000010000
1111101100100000
1111110000000000
1000000100011101
1000001000011111
1111101000010000
1111101100100000
1111110000000000
1000000100011101
1000001000011110
1111101000010000
1111101100100000
1111110000000000
1000000100011101
1000001000011101
1111101000010000
1111101100100000
1111110000000000
1000000100011101
1000001000011100
1111101000010000
1111101100100000
1111110000000000
1000000100011101
1000001000011011
1111101000010000
1111101100100000
1111110000000000
1000000100011101
1000001000011010
1111101000010000
1111101100100000
1111110000000000
1000000100011101
1000001000011001
1111101000010000
1111101100100000
1111110000000000
1000000100011101
1000001000011000
1111101000010000
1111101100100000
1111110000000000
1000000100011100
1000001000011111
1111101000010000
1111101100100000
1111110000000000
1000000100011100
1000001000011110
1111101000010000
1111101100100000
1111110000000000
1000000100011100
1000001000011101
1111101000010000
1111101100100000
1111110000000000
1000000100011100
1000001000011100
1111101000010000
1111101100100000
1111110000000000
1000000100010111
1000001000011111
1111101000010000
1111101100100000
1111110000000000
1000000100010111
1000001000011110
1111101000010000
1111101100100000
1111110000000000
1000000100010111
1000001000011101
1111101000010000
1111101100100000
1111110000000000
1000000100010111
1000001000011100
1111101000010000
1111101100100000
1111110000000000
1000000100010111
1000001000011011
1111101000010000
1111101100100000
1111110000000000
1000000100010111
1000001000011010
1111101000010000
1111101100100000
1111110000000000
1000000100010110
1000001000011111
1111101000010000
1111101100100000
1111110000000000
1000000100010110
1000001000011110
1111101000010000
1111101100100000
1111110000000000
1000000100010110
1000001000011101
1111101000010000
1111101100100000
1111110000000000
1000000100010110
1000001000011100
1111101000010000
1111101100100000
1111110000000000
1000000100010110
1000001000011011
1111101000010000
1111101100100000
1111110000000000
1000000100010110
1000001000011010
1111101000010000
1111101100100000
1111110000000000
1000000100010110
1000001000011001
1111101000010000
1111101100100000
1111110000000000
1000000100010110
1000001000011000
1111101000010000
1111101100100000
1111110000000000
1111110100000000
1111111000000000
1000000100011111
1000001000011111
1111101000010000
1111101100100000
1111110000000000
1000000100011111
1000001000011110
1111101000010000
1111101100100000
1111110000000000
1000000100011111
1000001000011101
1111101000010000
1111101100100000
1111110000000000
1000000100011111
1000001000011100
1111101000010000
1111101100100000
1111110000000000
1000000100011111
1000001000011011
1111101000010000
1111101100100000
1111110000000000
1000000100011111
1000001000011010
1111101000010000
1111101100100000
1111110000000000
1000000100011111
1000001000011001
1111101000010000
1111101100100000
1111110000000000
1000000100011111
1000001000011000
1111101000010000
1111101100100000
1111110000000000
1000000100011110
1000001000011111
1111101000010000
1111101100100000
1111110000000000
1000000100011110
1000001000011110
1111101000010000
1111101100100000
1111110000000000
1000000100011110
1000001000011101
1111101000010000
1111101100100000
1111110000000000
1000000100011110
1000001000011100
1111101000010000
1111101100100000
1111110000000000
1000000100011110
1000001000011011
1111101000010000
1111101100100000
1111110000000000
1000000100011110
1000001000011010
1111101000010000
1111101100100000
1111110000000000
1000000100011110
1000001000011001
1111101000010000
1111101100100000
1111110000000000
1000000100011110
1000001000011000
1111101000010000
1111101100100000
1111110000000000
1000000100011101
1000001000011111
1111101000010000
1111101100100000
1111110000000000
1000000100011101
1000001000011110
1111101000010000
1111101100100000
1111110000000000
1000000100011101
1000001000011101
1111101000010000
1111101100100000
1111110000000000
1000000100011101
1000001000011100
1111101000010000
1111101100100000
1111110000000000
1000000100011101
1000001000011011
1111101000010000
1111101100100000
1111110000000000
1000000100011101
1000001000011010
1111101000010000
1111101100100000
1111110000000000
1000000100011100
1000001000011110
1111101000010000
1111101100100000
1111110000000000
1000000100011100
1000001000011101
1111101000010000
1111101100100000
1111110000000000
1000000100011000
1000001000011111
1111101000010000
1111101100100000
1111110000000000
1000000100011000
1000001000011110
1111101000010000
1111101100100000
1111110000000000
1000000100011000
1000001000011101
1111101000010000
1111101100100000
1111110000000000
1000000100011000
1000001000011100
1111101000010000
1111101100100000
1111110000000000
1000000100010111
1000001000011111
1111101000010000
1111101100100000
1111110000000000
1000000100010111
1000001000011110
1111101000010000
1111101100100000
1111110000000000
1000000100010111
1000001000011101
1111101000010000
1111101100100000
1111110000000000
1000000100010111
1000001000011100
1111101000010000
1111101100100000
1111110000000000
1000000100010111
1000001000011011
1111101000010000
1111101100100000
1111110000000000
1000000100010111
1000001000011010
1111101000010000
1111101100100000
1111110000000000
1000000100010111
1000001000011001
1111101000010000
1111101100100000
1111110000000000
1000000100010111
1000001000011000
1111101000010000
1111101100100000
1111110000000000
1000000100010110
1000001000011111
1111101000010000
1111101100100000
1111110000000000
1000000100010110
1000001000011110
1111101000010000
1111101100100000
1111110000000000
1000000100010110
1000001000011101
1111101000010000
1111101100100000
1111110000000000
1000000100010110
1000001000011100
1111101000010000
1111101100100000
1111110000000000
1000000100010110
1000001000011011
1111101000010000
1111101100100000
1111110000000000
1000000100010110
1000001000011010
1111101000010000
1111101100100000
1111110000000000
1000000100010110
1000001000011001
1111101000010000
1111101100100000
1111110000000000
1000000100010110
1000001000011000
1111101000010000
1111101100100000
1111110000000000
1111110100000000
0001000000000000
